
G ==========
Nonzero entries:
((3.9525,-15.2548),0) (_,_) ((4.25105,-16.4052),1) (_,_) (_,_) ((5.60405,-21.6896),2) (_,_) (_,_) ((4.87068,-19.3259),3) (_,_) (_,_) ((6.29039,-48.735),4) (_,_) (_,_) ((18.2287,-144.293),5) (_,_) (_,_) ((11.9271,-92.1455),6) (_,_) (_,_) ((-6.39831,49.681),6) ((18.2027,-140.615),7) (_,_) ((3.05978,-23.6716),8) (_,_) (_,_) ((2.77309,-30.8074),9) (_,_) (_,_) ((-2.86259,11.0958),2) ((17.0119,-84.7739),10) (_,_) (_,_) ((-1.91491,7.39693),1) ((-1.26354,4.88126),3) ((-13.002,69.5104),10) ((16.1804,-81.5149),11) ((-0.326496,11.91),9) ((-1.14738,4.43822),10) ((3.51231,-24.1793),12) (_,_) ((-3.9525,15.2631),0) ((6.8891,-26.5645),13) (_,_) (_,_) ((-2.44659,18.952),9) ((14.8428,-115.812),14) (_,_) (_,_) ((-8.54701,68.3761),5) ((-1.19783,9.34311),8) ((14.5857,-115.559),15) (_,_) ((-9.68168,75.9865),5) ((-1.86195,14.5103),8) ((-5.16247,40.1526),14) ((16.7061,-130.421),16) ((-11.8044,91.0624),7) ((14.5711,-112.382),17) (_,_) (_,_) ((-3.03986,23.5307),4) ((6.3416,-67.9258),18) (_,_) (_,_) (_,_) ((-1.30728,10.1842),17) ((4.60903,-54.5217),19) (_,_) (_,_) (_,_) ((-3.25053,25.2891),4) ((-5.52883,42.572),6) ((-7.23375,56.8836),14) ((-4.84084,37.9933),15) ((20.854,-162.627),20) ((-2.33614,9.03946),1) ((-2.03843,7.87577),12) ((-1.4683,5.67719),13) ((-0.326496,11.91),18) ((-0.326496,11.91),19) ((6.49586,-46.3599),21) ((-2.74146,10.6172),2) ((-3.60715,15.7002),3) ((-1.4683,5.67719),13) ((-0.326496,11.91),18) ((-0.326496,11.91),19) ((8.4699,-54.5507),22) ((-1.45948,11.3734),17) ((-2.64875,20.669),18) ((-2.64875,20.669),19) ((6.75698,-52.5205),23) 

Outer pointers:
0 2 5 8 11 14 17 20 23 26 29 33 37 41 45 49 53 57 61 66 71 76 82 88  $
Inner non zeros:
1 1 1 1 1 1 1 2 1 1 2 4 3 2 2 3 4 2 2 2 5 6 6 4  $

(3.9525,-15.2548) 0 0 0 0 0 0 0 0 0 0 0 0 (-3.9525,15.2631) 0 0 0 0 0 0 0 0 0 0 
0 (4.25105,-16.4052) 0 0 0 0 0 0 0 0 0 (-1.91491,7.39693) 0 0 0 0 0 0 0 0 0 (-2.33614,9.03946) 0 0 
0 0 (5.60405,-21.6896) 0 0 0 0 0 0 0 (-2.86259,11.0958) 0 0 0 0 0 0 0 0 0 0 0 (-2.74146,10.6172) 0 
0 0 0 (4.87068,-19.3259) 0 0 0 0 0 0 0 (-1.26354,4.88126) 0 0 0 0 0 0 0 0 0 0 (-3.60715,15.7002) 0 
0 0 0 0 (6.29039,-48.735) 0 0 0 0 0 0 0 0 0 0 0 0 0 (-3.03986,23.5307) 0 (-3.25053,25.2891) 0 0 0 
0 0 0 0 0 (18.2287,-144.293) 0 0 0 0 0 0 0 0 0 (-8.54701,68.3761) (-9.68168,75.9865) 0 0 0 0 0 0 0 
0 0 0 0 0 0 (11.9271,-92.1455) (-6.39831,49.681) 0 0 0 0 0 0 0 0 0 0 0 0 (-5.52883,42.572) 0 0 0 
0 0 0 0 0 0 0 (18.2027,-140.615) 0 0 0 0 0 0 0 0 0 (-11.8044,91.0624) 0 0 0 0 0 0 
0 0 0 0 0 0 0 0 (3.05978,-23.6716) 0 0 0 0 0 0 (-1.19783,9.34311) (-1.86195,14.5103) 0 0 0 0 0 0 0 
0 0 0 0 0 0 0 0 0 (2.77309,-30.8074) 0 0 (-0.326496,11.91) 0 (-2.44659,18.952) 0 0 0 0 0 0 0 0 0 
0 0 0 0 0 0 0 0 0 0 (17.0119,-84.7739) (-13.002,69.5104) (-1.14738,4.43822) 0 0 0 0 0 0 0 0 0 0 0 
0 0 0 0 0 0 0 0 0 0 0 (16.1804,-81.5149) 0 0 0 0 0 0 0 0 0 0 0 0 
0 0 0 0 0 0 0 0 0 0 0 0 (3.51231,-24.1793) 0 0 0 0 0 0 0 0 (-2.03843,7.87577) 0 0 
0 0 0 0 0 0 0 0 0 0 0 0 0 (6.8891,-26.5645) 0 0 0 0 0 0 0 (-1.4683,5.67719) (-1.4683,5.67719) 0 
0 0 0 0 0 0 0 0 0 0 0 0 0 0 (14.8428,-115.812) 0 (-5.16247,40.1526) 0 0 0 (-7.23375,56.8836) 0 0 0 
0 0 0 0 0 0 0 0 0 0 0 0 0 0 0 (14.5857,-115.559) 0 0 0 0 (-4.84084,37.9933) 0 0 0 
0 0 0 0 0 0 0 0 0 0 0 0 0 0 0 0 (16.7061,-130.421) 0 0 0 0 0 0 0 
0 0 0 0 0 0 0 0 0 0 0 0 0 0 0 0 0 (14.5711,-112.382) 0 (-1.30728,10.1842) 0 0 0 (-1.45948,11.3734) 
0 0 0 0 0 0 0 0 0 0 0 0 0 0 0 0 0 0 (6.3416,-67.9258) 0 0 (-0.326496,11.91) (-0.326496,11.91) (-2.64875,20.669) 
0 0 0 0 0 0 0 0 0 0 0 0 0 0 0 0 0 0 0 (4.60903,-54.5217) 0 (-0.326496,11.91) (-0.326496,11.91) (-2.64875,20.669) 
0 0 0 0 0 0 0 0 0 0 0 0 0 0 0 0 0 0 0 0 (20.854,-162.627) 0 0 0 
0 0 0 0 0 0 0 0 0 0 0 0 0 0 0 0 0 0 0 0 0 (6.49586,-46.3599) 0 0 
0 0 0 0 0 0 0 0 0 0 0 0 0 0 0 0 0 0 0 0 0 0 (8.4699,-54.5507) 0 
0 0 0 0 0 0 0 0 0 0 0 0 0 0 0 0 0 0 0 0 0 0 0 (6.75698,-52.5205) 

Slack Node ======
Active Injection:0.278119
Reactive Injection:1.95988
constraintY ==========
 1.75
-0.74
-0.71
-1.36
-1.94
 0.67
-1.81
-1.28
    3
    0
 0.84
 0.95
 -1.8
-1.71
-1.02
    0
    4
  6.6
    0
    0
 0.55
-1.75
-1.95
-0.15
-0.14
-0.28
-0.39
-0.37
-0.26
    0
-0.37
-0.35
    0
    0
    0
-0.36
 -0.4
deltaY ==========
  1.54249
-0.644254
-0.566871
 -1.29682
 -1.77747
 0.221282
 -1.53356
-0.689781
  2.93711
  0.12233
 0.629477
 0.783132
 -1.74263
 -1.51237
 -1.14845
 0.729284
        4
  5.91164
 0.132438
 0.197802
-0.165061
    -1.75
    -1.95
 0.251046
  0.43819
  1.21956
 0.959307
  1.86615
  4.42192
  1.00215
-0.103389
 0.466156
  5.93862
  1.12735
  1.69411
  -0.3075
   0.8638

Jocobian ==========
Nonzero entries:
(-16.0263,0) (16.0263,13) (-4.15013,31) (_,_) (-16.8062,1) (7.76678,11) (9.03946,21) (4.34679,23) (-2.33614,35) (_,_) (_,_) (_,_) (-22.2677,2) (11.6506,10) (10.6172,22) (5.74718,24) (-2.74146,36) (_,_) (_,_) (_,_) (-20.8255,3) (5.12533,11) (15.7002,22) (4.93386,25) (-3.60715,36) (_,_) (_,_) (_,_) (-50.0843,4) (23.5307,18) (26.5536,20) (6.45291,26) (-3.03986,33) (_,_) (_,_) (_,_) (-155.57,5) (71.7949,15) (83.7751,16) (-8.97436,32) (-94.3816,6) (49.681,7) (44.7006,20) (12.2036,27) (-6.39831,28) (_,_) (_,_) (_,_) (49.681,6) (-145.297,7) (95.6155,17) (-6.39831,27) (18.7929,28) (_,_) (_,_) (_,_) (-25.8079,8) (9.81026,15) (15.9977,16) (-1.25773,32) (-31.8096,9) (11.91,12) (19.8996,14) (2.89542,29) (-0.326496,30) (_,_) (_,_) (_,_) (11.6506,2) (-92.946,10) (76.6352,11) (4.66014,12) (-3.00572,24) (-1.20475,30) (_,_) (_,_) (7.76678,1) (5.12533,3) (76.6352,10) (-89.5273,11) (-2.01066,23) (-1.32671,25) (_,_) (_,_) (11.91,9) (4.66014,10) (-24.4459,12) (7.87577,21) (-0.326496,29) (3.56968,30) (-2.03843,35) (_,_) (16.0263,0) (-27.3806,13) (5.67719,21) (5.67719,22) (7.08672,31) (-1.4683,35) (-1.4683,36) (_,_) (19.8996,9) (-126.882,14) (44.2682,16) (62.7141,20) (-2.56892,29) (_,_) (_,_) (_,_) (71.7949,5) (9.81026,8) (-121.498,15) (39.8929,20) (15.315,32) (_,_) (_,_) (_,_) (83.7751,5) (15.9977,8) (44.2682,14) (-144.041,16) (95.6155,7) (-118.848,17) (10.6934,19) (-12.3946,28) (-1.37265,34) (_,_) (_,_) (_,_) (23.5307,4) (-69.0531,18) (11.91,21) (11.91,22) (-3.03986,26) (6.47404,33) (-0.326496,35) (-0.326496,36) (10.6934,17) (-56.2158,19) (11.91,21) (11.91,22) (4.80683,34) (-0.326496,35) (-0.326496,36) (_,_) (26.5536,4) (44.7006,6) (62.7141,14) (39.8929,15) (-173.861,20) (-3.41306,26) (-5.80527,27) (-5.08288,32) (9.03946,1) (7.87577,12) (5.67719,13) (11.91,18) (11.91,19) (-46.4124,21) (-2.33614,23) (-2.03843,30) (-1.4683,31) (-0.326496,33) (-0.326496,34) (6.49586,35) (_,_) (_,_) (_,_) (_,_) (10.6172,2) (15.7002,3) (5.67719,13) (11.91,18) (11.91,19) (-55.8145,22) (-2.74146,24) (-3.60715,25) (-1.4683,31) (-0.326496,33) (-0.326496,34) (8.4699,36) (_,_) (_,_) (_,_) (_,_) (-4.1553,1) (2.01066,11) (2.33614,21) (-16.0041,23) (9.03946,35) (_,_) (_,_) (_,_) (-5.46092,2) (3.00572,10) (2.74146,22) (-21.1114,24) (10.6172,36) (_,_) (_,_) (_,_) (-4.80751,3) (1.32671,11) (3.60715,22) (-17.8264,25) (15.7002,36) (_,_) (_,_) (_,_) (-6.12786,4) (3.03986,18) (3.41306,20) (-47.3857,26) (23.5307,33) (_,_) (_,_) (_,_) (-11.6507,6) (6.39831,7) (5.80527,20) (-89.9093,27) (49.681,28) (_,_) (_,_) (_,_) (6.39831,6) (-17.6125,7) (12.3946,17) (49.681,27) (-135.933,28) (_,_) (_,_) (_,_) (-2.65076,9) (0.326496,12) (2.56892,14) (-29.8053,29) (11.91,30) (_,_) (_,_) (_,_) (0.326496,9) (1.20475,10) (-3.45494,12) (2.03843,21) (11.91,29) (-23.9127,30) (7.87577,35) (_,_) (4.15013,0) (-6.69147,13) (1.4683,21) (1.4683,22) (-25.7483,31) (5.67719,35) (5.67719,36) (_,_) (8.97436,5) (1.25773,8) (-13.8564,15) (5.08288,20) (-109.621,32) (_,_) (_,_) (_,_) (3.03986,4) (-6.20916,18) (0.326496,21) (0.326496,22) (23.5307,26) (-66.7985,33) (11.91,35) (11.91,36) (1.37265,17) (-4.41123,19) (0.326496,21) (0.326496,22) (-52.8276,34) (11.91,35) (11.91,36) (_,_) (2.33614,1) (2.03843,12) (1.4683,13) (0.326496,18) (0.326496,19) (-6.49586,21) (9.03946,23) (7.87577,30) (5.67719,31) (11.91,33) (11.91,34) (-46.3074,35) (_,_) (_,_) (_,_) (_,_) (2.74146,2) (3.60715,3) (1.4683,13) (0.326496,18) (0.326496,19) (-8.4699,22) (10.6172,24) (15.7002,25) (5.67719,31) (11.91,33) (11.91,34) (-53.2869,36) (_,_) (_,_) (_,_) (_,_) 

Outer pointers:
0 4 12 20 28 36 40 48 56 60 68 76 84 92 100 108 116 120 128 136 144 152 168 184 192 200 208 216 224 232 240 248 256 264 272 280 296  $
Inner non zeros:
3 5 5 5 5 4 5 5 4 5 6 6 7 7 5 5 4 5 8 7 8 12 12 5 5 5 5 5 5 5 7 7 5 8 7 12 12  $

-16.0263 0 0 0 0 0 0 0 0 0 0 0 0 16.0263 0 0 0 0 0 0 0 0 0 0 0 0 0 0 0 0 0 4.15013 0 0 0 0 0 
0 -16.8062 0 0 0 0 0 0 0 0 0 7.76678 0 0 0 0 0 0 0 0 0 9.03946 0 -4.1553 0 0 0 0 0 0 0 0 0 0 0 2.33614 0 
0 0 -22.2677 0 0 0 0 0 0 0 11.6506 0 0 0 0 0 0 0 0 0 0 0 10.6172 0 -5.46092 0 0 0 0 0 0 0 0 0 0 0 2.74146 
0 0 0 -20.8255 0 0 0 0 0 0 0 5.12533 0 0 0 0 0 0 0 0 0 0 15.7002 0 0 -4.80751 0 0 0 0 0 0 0 0 0 0 3.60715 
0 0 0 0 -50.0843 0 0 0 0 0 0 0 0 0 0 0 0 0 23.5307 0 26.5536 0 0 0 0 0 -6.12786 0 0 0 0 0 0 3.03986 0 0 0 
0 0 0 0 0 -155.57 0 0 0 0 0 0 0 0 0 71.7949 83.7751 0 0 0 0 0 0 0 0 0 0 0 0 0 0 0 8.97436 0 0 0 0 
0 0 0 0 0 0 -94.3816 49.681 0 0 0 0 0 0 0 0 0 0 0 0 44.7006 0 0 0 0 0 0 -11.6507 6.39831 0 0 0 0 0 0 0 0 
0 0 0 0 0 0 49.681 -145.297 0 0 0 0 0 0 0 0 0 95.6155 0 0 0 0 0 0 0 0 0 6.39831 -17.6125 0 0 0 0 0 0 0 0 
0 0 0 0 0 0 0 0 -25.8079 0 0 0 0 0 0 9.81026 15.9977 0 0 0 0 0 0 0 0 0 0 0 0 0 0 0 1.25773 0 0 0 0 
0 0 0 0 0 0 0 0 0 -31.8096 0 0 11.91 0 19.8996 0 0 0 0 0 0 0 0 0 0 0 0 0 0 -2.65076 0.326496 0 0 0 0 0 0 
0 0 11.6506 0 0 0 0 0 0 0 -92.946 76.6352 4.66014 0 0 0 0 0 0 0 0 0 0 0 3.00572 0 0 0 0 0 1.20475 0 0 0 0 0 0 
0 7.76678 0 5.12533 0 0 0 0 0 0 76.6352 -89.5273 0 0 0 0 0 0 0 0 0 0 0 2.01066 0 1.32671 0 0 0 0 0 0 0 0 0 0 0 
0 0 0 0 0 0 0 0 0 11.91 4.66014 0 -24.4459 0 0 0 0 0 0 0 0 7.87577 0 0 0 0 0 0 0 0.326496 -3.45494 0 0 0 0 2.03843 0 
16.0263 0 0 0 0 0 0 0 0 0 0 0 0 -27.3806 0 0 0 0 0 0 0 5.67719 5.67719 0 0 0 0 0 0 0 0 -6.69147 0 0 0 1.4683 1.4683 
0 0 0 0 0 0 0 0 0 19.8996 0 0 0 0 -126.882 0 44.2682 0 0 0 62.7141 0 0 0 0 0 0 0 0 2.56892 0 0 0 0 0 0 0 
0 0 0 0 0 71.7949 0 0 9.81026 0 0 0 0 0 0 -121.498 0 0 0 0 39.8929 0 0 0 0 0 0 0 0 0 0 0 -13.8564 0 0 0 0 
0 0 0 0 0 83.7751 0 0 15.9977 0 0 0 0 0 44.2682 0 -144.041 0 0 0 0 0 0 0 0 0 0 0 0 0 0 0 0 0 0 0 0 
0 0 0 0 0 0 0 95.6155 0 0 0 0 0 0 0 0 0 -118.848 0 10.6934 0 0 0 0 0 0 0 0 12.3946 0 0 0 0 0 1.37265 0 0 
0 0 0 0 23.5307 0 0 0 0 0 0 0 0 0 0 0 0 0 -69.0531 0 0 11.91 11.91 0 0 0 3.03986 0 0 0 0 0 0 -6.20916 0 0.326496 0.326496 
0 0 0 0 0 0 0 0 0 0 0 0 0 0 0 0 0 10.6934 0 -56.2158 0 11.91 11.91 0 0 0 0 0 0 0 0 0 0 0 -4.41123 0.326496 0.326496 
0 0 0 0 26.5536 0 44.7006 0 0 0 0 0 0 0 62.7141 39.8929 0 0 0 0 -173.861 0 0 0 0 0 3.41306 5.80527 0 0 0 0 5.08288 0 0 0 0 
0 9.03946 0 0 0 0 0 0 0 0 0 0 7.87577 5.67719 0 0 0 0 11.91 11.91 0 -46.4124 0 2.33614 0 0 0 0 0 0 2.03843 1.4683 0 0.326496 0.326496 -6.49586 0 
0 0 10.6172 15.7002 0 0 0 0 0 0 0 0 0 5.67719 0 0 0 0 11.91 11.91 0 0 -55.8145 0 2.74146 3.60715 0 0 0 0 0 1.4683 0 0.326496 0.326496 0 -8.4699 
0 4.34679 0 0 0 0 0 0 0 0 0 -2.01066 0 0 0 0 0 0 0 0 0 -2.33614 0 -16.0041 0 0 0 0 0 0 0 0 0 0 0 9.03946 0 
0 0 5.74718 0 0 0 0 0 0 0 -3.00572 0 0 0 0 0 0 0 0 0 0 0 -2.74146 0 -21.1114 0 0 0 0 0 0 0 0 0 0 0 10.6172 
0 0 0 4.93386 0 0 0 0 0 0 0 -1.32671 0 0 0 0 0 0 0 0 0 0 -3.60715 0 0 -17.8264 0 0 0 0 0 0 0 0 0 0 15.7002 
0 0 0 0 6.45291 0 0 0 0 0 0 0 0 0 0 0 0 0 -3.03986 0 -3.41306 0 0 0 0 0 -47.3857 0 0 0 0 0 0 23.5307 0 0 0 
0 0 0 0 0 0 12.2036 -6.39831 0 0 0 0 0 0 0 0 0 0 0 0 -5.80527 0 0 0 0 0 0 -89.9093 49.681 0 0 0 0 0 0 0 0 
0 0 0 0 0 0 -6.39831 18.7929 0 0 0 0 0 0 0 0 0 -12.3946 0 0 0 0 0 0 0 0 0 49.681 -135.933 0 0 0 0 0 0 0 0 
0 0 0 0 0 0 0 0 0 2.89542 0 0 -0.326496 0 -2.56892 0 0 0 0 0 0 0 0 0 0 0 0 0 0 -29.8053 11.91 0 0 0 0 0 0 
0 0 0 0 0 0 0 0 0 -0.326496 -1.20475 0 3.56968 0 0 0 0 0 0 0 0 -2.03843 0 0 0 0 0 0 0 11.91 -23.9127 0 0 0 0 7.87577 0 
-4.15013 0 0 0 0 0 0 0 0 0 0 0 0 7.08672 0 0 0 0 0 0 0 -1.4683 -1.4683 0 0 0 0 0 0 0 0 -25.7483 0 0 0 5.67719 5.67719 
0 0 0 0 0 -8.97436 0 0 -1.25773 0 0 0 0 0 0 15.315 0 0 0 0 -5.08288 0 0 0 0 0 0 0 0 0 0 0 -109.621 0 0 0 0 
0 0 0 0 -3.03986 0 0 0 0 0 0 0 0 0 0 0 0 0 6.47404 0 0 -0.326496 -0.326496 0 0 0 23.5307 0 0 0 0 0 0 -66.7985 0 11.91 11.91 
0 0 0 0 0 0 0 0 0 0 0 0 0 0 0 0 0 -1.37265 0 4.80683 0 -0.326496 -0.326496 0 0 0 0 0 0 0 0 0 0 0 -52.8276 11.91 11.91 
0 -2.33614 0 0 0 0 0 0 0 0 0 0 -2.03843 -1.4683 0 0 0 0 -0.326496 -0.326496 0 6.49586 0 9.03946 0 0 0 0 0 0 7.87577 5.67719 0 11.91 11.91 -46.3074 0 
0 0 -2.74146 -3.60715 0 0 0 0 0 0 0 0 0 -1.4683 0 0 0 0 -0.326496 -0.326496 0 0 8.4699 0 10.6172 15.7002 0 0 0 0 0 5.67719 0 11.91 11.91 0 -53.2869 

Slack Node ======
Active Injection:-2.35538
Reactive Injection:0.220038
constraintY ==========
 1.75
-0.74
-0.71
-1.36
-1.94
 0.67
-1.81
-1.28
    3
    0
 0.84
 0.95
 -1.8
-1.71
-1.02
    0
    4
  6.6
    0
    0
 0.55
-1.75
-1.95
-0.15
-0.14
-0.28
-0.39
-0.37
-0.26
    0
-0.37
-0.35
    0
    0
    0
-0.36
 -0.4
deltaY ==========
-0.0716051
 0.0176996
 0.0159624
  0.243761
-0.0873279
 -0.106279
 0.0857488
0.00940612
-0.0912784
-0.0718263
-0.0509597
 -0.111776
 0.0957388
0.00291897
 -0.123401
-0.0772511
  -0.03542
 -0.240027
-0.0951462
 -0.231315
-0.0840879
  0.148061
  0.205521
-0.0237701
-0.0517689
  -0.28933
 -0.391571
 -0.112725
 -0.235867
 -0.335346
 -0.193526
 -0.103182
 -0.608001
 -0.262016
 -0.478133
-0.0707575
 -0.279921

Jocobian ==========
Nonzero entries:
(-16.8758,0) (15.9856,13) (-5.9737,31) (_,_) (-17.3011,1) (8.05209,11) (9.60479,21) (5.20821,23) (-2.23661,35) (_,_) (_,_) (_,_) (-24.4985,2) (12.5382,10) (12.3037,22) (7.03297,24) (-3.30935,36) (_,_) (_,_) (_,_) (-24.7041,3) (5.94191,11) (19.6721,22) (7.83224,25) (-3.33049,36) (_,_) (_,_) (_,_) (-52.7427,4) (25.3631,18) (27.8485,20) (8.66055,26) (-5.4009,33) (_,_) (_,_) (_,_) (-159.524,5) (75.4103,15) (83.9169,16) (-11.4446,32) (-100.796,6) (54.4237,7) (46.8512,20) (14.9093,27) (-6.53736,28) (_,_) (_,_) (_,_) (54.3041,6) (-154.351,7) (100.38,17) (-7.46547,27) (21.2672,28) (_,_) (_,_) (_,_) (-26.5486,8) (10.0516,15) (15.7087,16) (-2.77051,32) (-32.795,9) (12.4188,12) (20.8003,14) (2.91035,29) (-2.53168,30) (_,_) (_,_) (_,_) (12.1307,2) (-93.971,10) (76.614,11) (4.78425,12) (-3.9719,24) (-1.22061,30) (_,_) (_,_) (7.81537,1) (5.55101,3) (76.6564,10) (-90.608,11) (-2.51109,23) (-2.24256,25) (_,_) (_,_) (12.5388,9) (4.77639,10) (-25.6193,12) (8.25177,21) (1.8475,29) (5.59159,30) (-2.47478,35) (_,_) (16.8758,0) (-28.4746,13) (6.05262,21) (6.35378,22) (9.03337,31) (-1.51842,35) (-1.86064,36) (_,_) (20.2561,9) (-127.148,14) (44.6156,16) (62.5279,20) (-4.75786,29) (_,_) (_,_) (_,_) (75.9071,5) (10.4254,8) (-127.813,15) (41.4785,20) (16.1318,32) (_,_) (_,_) (_,_) (83.6168,5) (16.1232,8) (43.4759,14) (-144.241,16) (99.9275,7) (-124.328,17) (10.7378,19) (-14.7298,28) (-3.79717,34) (_,_) (_,_) (_,_) (25.9029,4) (-74.711,18) (12.8622,21) (13.5845,22) (-1.22198,26) (6.90439,33) (-1.24034,35) (-1.84808,36) (11.3488,17) (-60.3703,19) (12.9233,21) (13.6447,22) (4.91255,34) (-1.35051,35) (-1.96741,36) (_,_) (26.8398,4) (46.4921,6) (62.8713,14) (42.351,15) (-178.706,20) (-7.43857,26) (-7.44386,27) (-1.91663,32) (9.48577,1) (8.41625,12) (6.02985,13) (12.9109,18) (12.9778,19) (-49.6947,21) (-2.69712,23) (-1.83929,30) (-1.60648,31) (0.533806,33) (0.640465,34) (8.82065,35) (_,_) (_,_) (_,_) (_,_) (12.3678,2) (19.1531,3) (6.45916,13) (13.6654,18) (13.732,19) (-65.5588,22) (-3.06107,24) (-5.58968,25) (-1.45319,31) (1.10106,33) (1.21691,34) (12.316,36) (_,_) (_,_) (_,_) (_,_) (-3.69281,1) (1.59667,11) (2.23661,21) (-17.0487,23) (9.60479,35) (_,_) (_,_) (_,_) (-5.58105,2) (2.39239,10) (3.30935,22) (-24.322,24) (12.3037,36) (_,_) (_,_) (_,_) (-4.62472,3) (0.732432,11) (3.33049,22) (-24.7227,25) (19.6721,36) (_,_) (_,_) (_,_) (-4.95521,4) (5.4009,18) (-0.409225,20) (-52.7459,26) (25.3631,33) (_,_) (_,_) (_,_) (-11.1178,6) (6.53736,7) (4.67864,20) (-100.282,27) (54.4237,28) (_,_) (_,_) (_,_) (7.46547,6) (-18.6884,7) (11.236,17) (54.3041,27) (-154.303,28) (_,_) (_,_) (_,_) (-3.05401,9) (2.53168,12) (0.542303,14) (-33.4656,29) (12.4188,30) (_,_) (_,_) (_,_) (-1.8475,9) (1.25103,10) (-1.80011,12) (2.47478,21) (12.5388,29) (-25.2663,30) (8.25177,35) (_,_) (2.53603,0) (-5.60753,13) (1.51842,21) (1.86064,22) (-27.981,31) (6.05262,35) (6.35378,36) (_,_) (7.47003,5) (-0.145248,8) (-16.2863,15) (8.76435,20) (-129.029,32) (_,_) (_,_) (_,_) (1.22198,4) (-7.09468,18) (1.24034,21) (1.84808,22) (25.9029,26) (-75.235,33) (12.8622,35) (13.5845,36) (-0.962035,17) (-5.37518,19) (1.35051,21) (1.96741,22) (-61.3265,34) (12.9233,35) (13.6447,36) (_,_) (2.69712,1) (1.83929,12) (1.60648,13) (-0.533806,18) (-0.640465,19) (-5.02453,21) (9.48577,23) (8.41625,30) (6.02985,31) (12.9109,33) (12.9778,34) (-49.1162,35) (_,_) (_,_) (_,_) (_,_) (3.06107,2) (5.58968,3) (1.45319,13) (-1.10106,18) (-1.21691,19) (-8.00492,22) (12.3678,24) (19.1531,25) (6.45916,31) (13.6654,33) (13.732,34) (-65.3186,36) (_,_) (_,_) (_,_) (_,_) 

Outer pointers:
0 4 12 20 28 36 40 48 56 60 68 76 84 92 100 108 116 120 128 136 144 152 168 184 192 200 208 216 224 232 240 248 256 264 272 280 296  $
Inner non zeros:
3 5 5 5 5 4 5 5 4 5 6 6 7 7 5 5 4 5 8 7 8 12 12 5 5 5 5 5 5 5 7 7 5 8 7 12 12  $

-16.8758 0 0 0 0 0 0 0 0 0 0 0 0 16.8758 0 0 0 0 0 0 0 0 0 0 0 0 0 0 0 0 0 2.53603 0 0 0 0 0 
0 -17.3011 0 0 0 0 0 0 0 0 0 7.81537 0 0 0 0 0 0 0 0 0 9.48577 0 -3.69281 0 0 0 0 0 0 0 0 0 0 0 2.69712 0 
0 0 -24.4985 0 0 0 0 0 0 0 12.1307 0 0 0 0 0 0 0 0 0 0 0 12.3678 0 -5.58105 0 0 0 0 0 0 0 0 0 0 0 3.06107 
0 0 0 -24.7041 0 0 0 0 0 0 0 5.55101 0 0 0 0 0 0 0 0 0 0 19.1531 0 0 -4.62472 0 0 0 0 0 0 0 0 0 0 5.58968 
0 0 0 0 -52.7427 0 0 0 0 0 0 0 0 0 0 0 0 0 25.9029 0 26.8398 0 0 0 0 0 -4.95521 0 0 0 0 0 0 1.22198 0 0 0 
0 0 0 0 0 -159.524 0 0 0 0 0 0 0 0 0 75.9071 83.6168 0 0 0 0 0 0 0 0 0 0 0 0 0 0 0 7.47003 0 0 0 0 
0 0 0 0 0 0 -100.796 54.3041 0 0 0 0 0 0 0 0 0 0 0 0 46.4921 0 0 0 0 0 0 -11.1178 7.46547 0 0 0 0 0 0 0 0 
0 0 0 0 0 0 54.4237 -154.351 0 0 0 0 0 0 0 0 0 99.9275 0 0 0 0 0 0 0 0 0 6.53736 -18.6884 0 0 0 0 0 0 0 0 
0 0 0 0 0 0 0 0 -26.5486 0 0 0 0 0 0 10.4254 16.1232 0 0 0 0 0 0 0 0 0 0 0 0 0 0 0 -0.145248 0 0 0 0 
0 0 0 0 0 0 0 0 0 -32.795 0 0 12.5388 0 20.2561 0 0 0 0 0 0 0 0 0 0 0 0 0 0 -3.05401 -1.8475 0 0 0 0 0 0 
0 0 12.5382 0 0 0 0 0 0 0 -93.971 76.6564 4.77639 0 0 0 0 0 0 0 0 0 0 0 2.39239 0 0 0 0 0 1.25103 0 0 0 0 0 0 
0 8.05209 0 5.94191 0 0 0 0 0 0 76.614 -90.608 0 0 0 0 0 0 0 0 0 0 0 1.59667 0 0.732432 0 0 0 0 0 0 0 0 0 0 0 
0 0 0 0 0 0 0 0 0 12.4188 4.78425 0 -25.6193 0 0 0 0 0 0 0 0 8.41625 0 0 0 0 0 0 0 2.53168 -1.80011 0 0 0 0 1.83929 0 
15.9856 0 0 0 0 0 0 0 0 0 0 0 0 -28.4746 0 0 0 0 0 0 0 6.02985 6.45916 0 0 0 0 0 0 0 0 -5.60753 0 0 0 1.60648 1.45319 
0 0 0 0 0 0 0 0 0 20.8003 0 0 0 0 -127.148 0 43.4759 0 0 0 62.8713 0 0 0 0 0 0 0 0 0.542303 0 0 0 0 0 0 0 
0 0 0 0 0 75.4103 0 0 10.0516 0 0 0 0 0 0 -127.813 0 0 0 0 42.351 0 0 0 0 0 0 0 0 0 0 0 -16.2863 0 0 0 0 
0 0 0 0 0 83.9169 0 0 15.7087 0 0 0 0 0 44.6156 0 -144.241 0 0 0 0 0 0 0 0 0 0 0 0 0 0 0 0 0 0 0 0 
0 0 0 0 0 0 0 100.38 0 0 0 0 0 0 0 0 0 -124.328 0 11.3488 0 0 0 0 0 0 0 0 11.236 0 0 0 0 0 -0.962035 0 0 
0 0 0 0 25.3631 0 0 0 0 0 0 0 0 0 0 0 0 0 -74.711 0 0 12.9109 13.6654 0 0 0 5.4009 0 0 0 0 0 0 -7.09468 0 -0.533806 -1.10106 
0 0 0 0 0 0 0 0 0 0 0 0 0 0 0 0 0 10.7378 0 -60.3703 0 12.9778 13.732 0 0 0 0 0 0 0 0 0 0 0 -5.37518 -0.640465 -1.21691 
0 0 0 0 27.8485 0 46.8512 0 0 0 0 0 0 0 62.5279 41.4785 0 0 0 0 -178.706 0 0 0 0 0 -0.409225 4.67864 0 0 0 0 8.76435 0 0 0 0 
0 9.60479 0 0 0 0 0 0 0 0 0 0 8.25177 6.05262 0 0 0 0 12.8622 12.9233 0 -49.6947 0 2.23661 0 0 0 0 0 0 2.47478 1.51842 0 1.24034 1.35051 -5.02453 0 
0 0 12.3037 19.6721 0 0 0 0 0 0 0 0 0 6.35378 0 0 0 0 13.5845 13.6447 0 0 -65.5588 0 3.30935 3.33049 0 0 0 0 0 1.86064 0 1.84808 1.96741 0 -8.00492 
0 5.20821 0 0 0 0 0 0 0 0 0 -2.51109 0 0 0 0 0 0 0 0 0 -2.69712 0 -17.0487 0 0 0 0 0 0 0 0 0 0 0 9.48577 0 
0 0 7.03297 0 0 0 0 0 0 0 -3.9719 0 0 0 0 0 0 0 0 0 0 0 -3.06107 0 -24.322 0 0 0 0 0 0 0 0 0 0 0 12.3678 
0 0 0 7.83224 0 0 0 0 0 0 0 -2.24256 0 0 0 0 0 0 0 0 0 0 -5.58968 0 0 -24.7227 0 0 0 0 0 0 0 0 0 0 19.1531 
0 0 0 0 8.66055 0 0 0 0 0 0 0 0 0 0 0 0 0 -1.22198 0 -7.43857 0 0 0 0 0 -52.7459 0 0 0 0 0 0 25.9029 0 0 0 
0 0 0 0 0 0 14.9093 -7.46547 0 0 0 0 0 0 0 0 0 0 0 0 -7.44386 0 0 0 0 0 0 -100.282 54.3041 0 0 0 0 0 0 0 0 
0 0 0 0 0 0 -6.53736 21.2672 0 0 0 0 0 0 0 0 0 -14.7298 0 0 0 0 0 0 0 0 0 54.4237 -154.303 0 0 0 0 0 0 0 0 
0 0 0 0 0 0 0 0 0 2.91035 0 0 1.8475 0 -4.75786 0 0 0 0 0 0 0 0 0 0 0 0 0 0 -33.4656 12.5388 0 0 0 0 0 0 
0 0 0 0 0 0 0 0 0 -2.53168 -1.22061 0 5.59159 0 0 0 0 0 0 0 0 -1.83929 0 0 0 0 0 0 0 12.4188 -25.2663 0 0 0 0 8.41625 0 
-5.9737 0 0 0 0 0 0 0 0 0 0 0 0 9.03337 0 0 0 0 0 0 0 -1.60648 -1.45319 0 0 0 0 0 0 0 0 -27.981 0 0 0 6.02985 6.45916 
0 0 0 0 0 -11.4446 0 0 -2.77051 0 0 0 0 0 0 16.1318 0 0 0 0 -1.91663 0 0 0 0 0 0 0 0 0 0 0 -129.029 0 0 0 0 
0 0 0 0 -5.4009 0 0 0 0 0 0 0 0 0 0 0 0 0 6.90439 0 0 0.533806 1.10106 0 0 0 25.3631 0 0 0 0 0 0 -75.235 0 12.9109 13.6654 
0 0 0 0 0 0 0 0 0 0 0 0 0 0 0 0 0 -3.79717 0 4.91255 0 0.640465 1.21691 0 0 0 0 0 0 0 0 0 0 0 -61.3265 12.9778 13.732 
0 -2.23661 0 0 0 0 0 0 0 0 0 0 -2.47478 -1.51842 0 0 0 0 -1.24034 -1.35051 0 8.82065 0 9.60479 0 0 0 0 0 0 8.25177 6.05262 0 12.8622 12.9233 -49.1162 0 
0 0 -3.30935 -3.33049 0 0 0 0 0 0 0 0 0 -1.86064 0 0 0 0 -1.84808 -1.96741 0 0 12.316 0 12.3037 19.6721 0 0 0 0 0 6.35378 0 13.5845 13.6447 0 -65.3186 

Slack Node ======
Active Injection:-1.78735
Reactive Injection:0.780971
constraintY ==========
 1.75
-0.74
-0.71
-1.36
-1.94
 0.67
-1.81
-1.28
    3
    0
 0.84
 0.95
 -1.8
-1.71
-1.02
    0
    4
  6.6
    0
    0
 0.55
-1.75
-1.95
-0.15
-0.14
-0.28
-0.39
-0.37
-0.26
    0
-0.37
-0.35
    0
    0
    0
-0.36
 -0.4
deltaY ==========
  -0.00115031
 -0.000253804
  -0.00142699
   0.00703241
  -0.00490355
 -0.000498126
 -0.000141892
  0.000229321
 -0.000192517
  -0.00318831
  -0.00129786
  -0.00330293
   0.00200559
  -0.00192331
  -0.00201309
 -0.000396218
-2.14828e-005
  -0.00140882
 -0.000660233
  -0.00537072
   -0.0025674
     0.003228
   0.00378272
 -0.000242387
 -0.000794127
  -0.00922199
  -0.00679667
  -0.00073792
  -0.00069065
  -0.00641139
  -0.00468056
  -0.00141103
  -0.00317861
  -0.00623206
  -0.00847492
  -0.00169545
  -0.00745085

Jocobian ==========
Nonzero entries:
(-16.6736,0) (15.843,13) (-5.81393,31) (_,_) (-16.9977,1) (7.96819,11) (9.37346,21) (5.10552,23) (-2.16029,35) (_,_) (_,_) (_,_) (-23.9689,2) (12.3706,10) (11.9268,22) (6.86557,24) (-3.13779,36) (_,_) (_,_) (_,_) (-23.8072,3) (5.78355,11) (18.7853,22) (7.29889,25) (-3.31433,36) (_,_) (_,_) (_,_) (-51.7225,4) (24.7227,18) (27.4773,20) (8.56163,26) (-5.03405,33) (_,_) (_,_) (_,_) (-159.163,5) (75.083,15) (83.9206,16) (-11.2861,32) (-100.469,6) (54.1931,7) (46.7284,20) (14.7666,27) (-6.40323,28) (_,_) (_,_) (_,_) (54.0471,6) (-153.883,7) (100.159,17) (-7.5368,27) (21.1669,28) (_,_) (_,_) (_,_) (-26.5003,8) (10.0169,15) (15.7196,16) (-2.71749,32) (-32.0496,9) (11.9876,12) (20.4569,14) (2.88229,29) (-2.34332,30) (_,_) (_,_) (_,_) (12.0139,2) (-93.7037,10) (76.6152,11) (4.68906,12) (-3.83683,24) (-1.18919,30) (_,_) (_,_) (7.75125,1) (5.45914,3) (76.6551,10) (-90.3669,11) (-2.45373,23) (-2.08174,25) (_,_) (_,_) (12.098,9) (4.67789,10) (-24.7879,12) (7.97431,21) (1.68305,29) (5.34966,30) (-2.34617,35) (_,_) (16.6736,0) (-27.9538,13) (5.89979,21) (6.17268,22) (8.86707,31) (-1.45816,35) (-1.74325,36) (_,_) (19.9516,9) (-126.817,14) (44.6123,16) (62.5463,20) (-4.56534,29) (_,_) (_,_) (_,_) (75.5509,5) (10.3785,8) (-127.251,15) (41.3204,20) (16.0614,32) (_,_) (_,_) (_,_) (83.6121,5) (16.1218,8) (43.5019,14) (-144.253,16) (99.6894,7) (-123.959,17) (10.613,19) (-14.7637,28) (-3.63247,34) (_,_) (_,_) (_,_) (25.1904,4) (-72.9062,18) (12.4928,21) (13.1365,22) (-1.41405,26) (6.8065,33) (-1.1933,35) (-1.69308,36) (11.1864,17) (-59.0158,19) (12.535,21) (13.177,22) (4.98429,34) (-1.30934,35) (-1.81695,36) (_,_) (26.5322,4) (46.4216,6) (62.858,14) (42.1511,15) (-178.072,20) (-7.14758,26) (-7.22975,27) (-2.05774,32) (9.24644,1) (8.11123,12) (5.86696,13) (12.5394,18) (12.5879,19) (-48.2753,21) (-2.65179,23) (-1.81715,30) (-1.58509,31) (0.507079,33) (0.620634,34) (8.46726,35) (_,_) (_,_) (_,_) (_,_) (11.955,2) (18.3481,3) (6.24386,13) (13.2095,18) (13.2567,19) (-63.1982,22) (-3.02874,24) (-5.21715,25) (-1.46805,31) (0.970843,33) (1.09231,34) (11.7054,36) (_,_) (_,_) (_,_) (_,_) (-3.62603,1) (1.61571,11) (2.16029,21) (-16.6982,23) (9.37346,35) (_,_) (_,_) (_,_) (-5.44843,2) (2.45409,10) (3.13779,22) (-23.6905,24) (11.9268,36) (_,_) (_,_) (_,_) (-4.56482,3) (0.828474,11) (3.31433,22) (-23.2657,25) (18.7853,36) (_,_) (_,_) (_,_) (-4.69144,4) (5.03405,18) (-0.205493,20) (-50.9561,26) (24.7227,33) (_,_) (_,_) (_,_) (-11.1468,6) (6.40323,7) (4.86765,20) (-99.7302,27) (54.1931,28) (_,_) (_,_) (_,_) (7.5368,6) (-18.6064,7) (11.1426,17) (54.0471,27) (-153.364,28) (_,_) (_,_) (_,_) (-2.88867,9) (2.34332,12) (0.651174,14) (-32.0624,29) (11.9876,30) (_,_) (_,_) (_,_) (-1.68305,9) (1.23238,10) (-1.74565,12) (2.34617,21) (12.098,29) (-24.0573,30) (7.97431,35) (_,_) (2.60648,0) (-5.45091,13) (1.45816,21) (1.74325,22) (-27.2566,31) (5.89979,35) (6.17268,36) (_,_) (7.54309,5) (-0.102698,8) (-16.0622,15) (8.57762,20) (-127.257,32) (_,_) (_,_) (_,_) (1.41405,4) (-6.80782,18) (1.1933,21) (1.69308,22) (25.1904,26) (-72.9187,33) (12.4928,35) (13.1365,36) (-0.8342,17) (-4.99503,19) (1.30934,21) (1.81695,22) (-59.0327,34) (12.535,35) (13.177,36) (_,_) (2.65179,1) (1.81715,12) (1.58509,13) (-0.507079,18) (-0.620634,19) (-4.96081,21) (9.24644,23) (8.11123,30) (5.86696,31) (12.5394,33) (12.5879,34) (-47.5587,35) (_,_) (_,_) (_,_) (_,_) (3.02874,2) (5.21715,3) (1.46805,13) (-0.970843,18) (-1.09231,19) (-7.79784,22) (11.955,24) (18.3481,25) (6.24386,31) (13.2095,33) (13.2567,34) (-62.4131,36) (_,_) (_,_) (_,_) (_,_) 

Outer pointers:
0 4 12 20 28 36 40 48 56 60 68 76 84 92 100 108 116 120 128 136 144 152 168 184 192 200 208 216 224 232 240 248 256 264 272 280 296  $
Inner non zeros:
3 5 5 5 5 4 5 5 4 5 6 6 7 7 5 5 4 5 8 7 8 12 12 5 5 5 5 5 5 5 7 7 5 8 7 12 12  $

-16.6736 0 0 0 0 0 0 0 0 0 0 0 0 16.6736 0 0 0 0 0 0 0 0 0 0 0 0 0 0 0 0 0 2.60648 0 0 0 0 0 
0 -16.9977 0 0 0 0 0 0 0 0 0 7.75125 0 0 0 0 0 0 0 0 0 9.24644 0 -3.62603 0 0 0 0 0 0 0 0 0 0 0 2.65179 0 
0 0 -23.9689 0 0 0 0 0 0 0 12.0139 0 0 0 0 0 0 0 0 0 0 0 11.955 0 -5.44843 0 0 0 0 0 0 0 0 0 0 0 3.02874 
0 0 0 -23.8072 0 0 0 0 0 0 0 5.45914 0 0 0 0 0 0 0 0 0 0 18.3481 0 0 -4.56482 0 0 0 0 0 0 0 0 0 0 5.21715 
0 0 0 0 -51.7225 0 0 0 0 0 0 0 0 0 0 0 0 0 25.1904 0 26.5322 0 0 0 0 0 -4.69144 0 0 0 0 0 0 1.41405 0 0 0 
0 0 0 0 0 -159.163 0 0 0 0 0 0 0 0 0 75.5509 83.6121 0 0 0 0 0 0 0 0 0 0 0 0 0 0 0 7.54309 0 0 0 0 
0 0 0 0 0 0 -100.469 54.0471 0 0 0 0 0 0 0 0 0 0 0 0 46.4216 0 0 0 0 0 0 -11.1468 7.5368 0 0 0 0 0 0 0 0 
0 0 0 0 0 0 54.1931 -153.883 0 0 0 0 0 0 0 0 0 99.6894 0 0 0 0 0 0 0 0 0 6.40323 -18.6064 0 0 0 0 0 0 0 0 
0 0 0 0 0 0 0 0 -26.5003 0 0 0 0 0 0 10.3785 16.1218 0 0 0 0 0 0 0 0 0 0 0 0 0 0 0 -0.102698 0 0 0 0 
0 0 0 0 0 0 0 0 0 -32.0496 0 0 12.098 0 19.9516 0 0 0 0 0 0 0 0 0 0 0 0 0 0 -2.88867 -1.68305 0 0 0 0 0 0 
0 0 12.3706 0 0 0 0 0 0 0 -93.7037 76.6551 4.67789 0 0 0 0 0 0 0 0 0 0 0 2.45409 0 0 0 0 0 1.23238 0 0 0 0 0 0 
0 7.96819 0 5.78355 0 0 0 0 0 0 76.6152 -90.3669 0 0 0 0 0 0 0 0 0 0 0 1.61571 0 0.828474 0 0 0 0 0 0 0 0 0 0 0 
0 0 0 0 0 0 0 0 0 11.9876 4.68906 0 -24.7879 0 0 0 0 0 0 0 0 8.11123 0 0 0 0 0 0 0 2.34332 -1.74565 0 0 0 0 1.81715 0 
15.843 0 0 0 0 0 0 0 0 0 0 0 0 -27.9538 0 0 0 0 0 0 0 5.86696 6.24386 0 0 0 0 0 0 0 0 -5.45091 0 0 0 1.58509 1.46805 
0 0 0 0 0 0 0 0 0 20.4569 0 0 0 0 -126.817 0 43.5019 0 0 0 62.858 0 0 0 0 0 0 0 0 0.651174 0 0 0 0 0 0 0 
0 0 0 0 0 75.083 0 0 10.0169 0 0 0 0 0 0 -127.251 0 0 0 0 42.1511 0 0 0 0 0 0 0 0 0 0 0 -16.0622 0 0 0 0 
0 0 0 0 0 83.9206 0 0 15.7196 0 0 0 0 0 44.6123 0 -144.253 0 0 0 0 0 0 0 0 0 0 0 0 0 0 0 0 0 0 0 0 
0 0 0 0 0 0 0 100.159 0 0 0 0 0 0 0 0 0 -123.959 0 11.1864 0 0 0 0 0 0 0 0 11.1426 0 0 0 0 0 -0.8342 0 0 
0 0 0 0 24.7227 0 0 0 0 0 0 0 0 0 0 0 0 0 -72.9062 0 0 12.5394 13.2095 0 0 0 5.03405 0 0 0 0 0 0 -6.80782 0 -0.507079 -0.970843 
0 0 0 0 0 0 0 0 0 0 0 0 0 0 0 0 0 10.613 0 -59.0158 0 12.5879 13.2567 0 0 0 0 0 0 0 0 0 0 0 -4.99503 -0.620634 -1.09231 
0 0 0 0 27.4773 0 46.7284 0 0 0 0 0 0 0 62.5463 41.3204 0 0 0 0 -178.072 0 0 0 0 0 -0.205493 4.86765 0 0 0 0 8.57762 0 0 0 0 
0 9.37346 0 0 0 0 0 0 0 0 0 0 7.97431 5.89979 0 0 0 0 12.4928 12.535 0 -48.2753 0 2.16029 0 0 0 0 0 0 2.34617 1.45816 0 1.1933 1.30934 -4.96081 0 
0 0 11.9268 18.7853 0 0 0 0 0 0 0 0 0 6.17268 0 0 0 0 13.1365 13.177 0 0 -63.1982 0 3.13779 3.31433 0 0 0 0 0 1.74325 0 1.69308 1.81695 0 -7.79784 
0 5.10552 0 0 0 0 0 0 0 0 0 -2.45373 0 0 0 0 0 0 0 0 0 -2.65179 0 -16.6982 0 0 0 0 0 0 0 0 0 0 0 9.24644 0 
0 0 6.86557 0 0 0 0 0 0 0 -3.83683 0 0 0 0 0 0 0 0 0 0 0 -3.02874 0 -23.6905 0 0 0 0 0 0 0 0 0 0 0 11.955 
0 0 0 7.29889 0 0 0 0 0 0 0 -2.08174 0 0 0 0 0 0 0 0 0 0 -5.21715 0 0 -23.2657 0 0 0 0 0 0 0 0 0 0 18.3481 
0 0 0 0 8.56163 0 0 0 0 0 0 0 0 0 0 0 0 0 -1.41405 0 -7.14758 0 0 0 0 0 -50.9561 0 0 0 0 0 0 25.1904 0 0 0 
0 0 0 0 0 0 14.7666 -7.5368 0 0 0 0 0 0 0 0 0 0 0 0 -7.22975 0 0 0 0 0 0 -99.7302 54.0471 0 0 0 0 0 0 0 0 
0 0 0 0 0 0 -6.40323 21.1669 0 0 0 0 0 0 0 0 0 -14.7637 0 0 0 0 0 0 0 0 0 54.1931 -153.364 0 0 0 0 0 0 0 0 
0 0 0 0 0 0 0 0 0 2.88229 0 0 1.68305 0 -4.56534 0 0 0 0 0 0 0 0 0 0 0 0 0 0 -32.0624 12.098 0 0 0 0 0 0 
0 0 0 0 0 0 0 0 0 -2.34332 -1.18919 0 5.34966 0 0 0 0 0 0 0 0 -1.81715 0 0 0 0 0 0 0 11.9876 -24.0573 0 0 0 0 8.11123 0 
-5.81393 0 0 0 0 0 0 0 0 0 0 0 0 8.86707 0 0 0 0 0 0 0 -1.58509 -1.46805 0 0 0 0 0 0 0 0 -27.2566 0 0 0 5.86696 6.24386 
0 0 0 0 0 -11.2861 0 0 -2.71749 0 0 0 0 0 0 16.0614 0 0 0 0 -2.05774 0 0 0 0 0 0 0 0 0 0 0 -127.257 0 0 0 0 
0 0 0 0 -5.03405 0 0 0 0 0 0 0 0 0 0 0 0 0 6.8065 0 0 0.507079 0.970843 0 0 0 24.7227 0 0 0 0 0 0 -72.9187 0 12.5394 13.2095 
0 0 0 0 0 0 0 0 0 0 0 0 0 0 0 0 0 -3.63247 0 4.98429 0 0.620634 1.09231 0 0 0 0 0 0 0 0 0 0 0 -59.0327 12.5879 13.2567 
0 -2.16029 0 0 0 0 0 0 0 0 0 0 -2.34617 -1.45816 0 0 0 0 -1.1933 -1.30934 0 8.46726 0 9.37346 0 0 0 0 0 0 7.97431 5.89979 0 12.4928 12.535 -47.5587 0 
0 0 -3.13779 -3.31433 0 0 0 0 0 0 0 0 0 -1.74325 0 0 0 0 -1.69308 -1.81695 0 0 11.7054 0 11.9268 18.7853 0 0 0 0 0 6.17268 0 13.1365 13.177 0 -62.4131 

Slack Node ======
Active Injection:-1.7739
Reactive Injection:0.794448
constraintY ==========
 1.75
-0.74
-0.71
-1.36
-1.94
 0.67
-1.81
-1.28
    3
    0
 0.84
 0.95
 -1.8
-1.71
-1.02
    0
    4
  6.6
    0
    0
 0.55
-1.75
-1.95
-0.15
-0.14
-0.28
-0.39
-0.37
-0.26
    0
-0.37
-0.35
    0
    0
    0
-0.36
 -0.4
deltaY ==========
-5.07316e-007
-6.13502e-007
-2.38071e-006
  6.1667e-006
 -3.6251e-006
-1.81638e-008
-8.17231e-008
 2.20485e-008
-3.38181e-009
-1.96939e-006
-9.51322e-007
-2.98677e-006
 7.58667e-007
-2.55638e-006
-1.26938e-007
-1.08017e-008
-1.94227e-011
-3.62659e-007
 9.00933e-007
-2.11131e-006
-5.61797e-007
   1.449e-006
 3.80004e-007
-7.26954e-008
-3.52207e-007
-9.03212e-006
-2.64786e-006
-3.01991e-007
-2.17564e-007
-2.62901e-006
-2.64219e-006
-6.34665e-007
-9.03783e-008
-3.58571e-006
-3.43454e-006
 -1.2485e-006
-5.58845e-006

Jocobian ==========
Nonzero entries:
(-16.6688,0) (15.8394,13) (-5.81063,31) (_,_) (-16.9905,1) (7.96626,11) (9.36834,21) (5.10386,23) (-2.1577,35) (_,_) (_,_) (_,_) (-23.9542,2) (12.3663,10) (11.9171,22) (6.863,24) (-3.13197,36) (_,_) (_,_) (_,_) (-23.782,3) (5.77881,11) (18.7603,22) (7.28319,25) (-3.31424,36) (_,_) (_,_) (_,_) (-51.6985,4) (24.7079,18) (27.469,20) (8.56255,26) (-5.02529,33) (_,_) (_,_) (_,_) (-159.161,5) (75.0813,15) (83.9206,16) (-11.2851,32) (-100.467,6) (54.1924,7) (46.7274,20) (14.7664,27) (-6.39918,28) (_,_) (_,_) (_,_) (54.0454,6) (-153.88,7) (100.158,17) (-7.54055,27) (21.1663,28) (_,_) (_,_) (_,_) (-26.5,8) (10.0167,15) (15.7197,16) (-2.71729,32) (-32.0319,9) (11.9775,12) (20.4492,14) (2.88331,29) (-2.33971,30) (_,_) (_,_) (_,_) (12.0105,2) (-93.6968,10) (76.6152,11) (4.68693,12) (-3.83388,24) (-1.18791,30) (_,_) (_,_) (7.74984,1) (5.45643,3) (76.6551,10) (-90.3603,11) (-2.45228,23) (-2.07685,25) (_,_) (_,_) (12.0877,9) (4.6754,10) (-24.7686,12) (7.96779,21) (1.68,29) (5.34416,30) (-2.34324,35) (_,_) (16.6688,0) (-27.9405,13) (5.89643,21) (6.16823,22) (8.86518,31) (-1.45589,35) (-1.73958,36) (_,_) (19.9442,9) (-126.809,14) (44.6123,16) (62.5466,20) (-4.5633,29) (_,_) (_,_) (_,_) (75.549,5) (10.3782,8) (-127.248,15) (41.3196,20) (16.061,32) (_,_) (_,_) (_,_) (83.6121,5) (16.1218,8) (43.5019,14) (-144.253,16) (99.688,7) (-123.955,17) (10.6097,19) (-14.7671,28) (-3.63004,34) (_,_) (_,_) (_,_) (25.1739,4) (-72.8625,18) (12.484,21) (13.1248,22) (-1.41877,26) (6.8025,33) (-1.19312,35) (-1.69051,36) (11.1826,17) (-58.9832,19) (12.526,21) (13.1651,22) (4.98619,34) (-1.30926,35) (-1.81444,36) (_,_) (26.5246,4) (46.4216,6) (62.8578,14) (42.1501,15) (-178.063,20) (-7.14378,26) (-7.22584,27) (-2.05857,32) (9.2407,1) (8.10411,12) (5.86292,13) (12.5306,18) (12.5789,19) (-48.2425,21) (-2.65158,23) (-1.81655,30) (-1.58544,31) (0.507384,33) (0.62104,34) (8.45921,35) (_,_) (_,_) (_,_) (_,_) (11.9436,2) (18.3256,3) (6.23818,13) (13.1977,18) (13.2448,19) (-63.1356,22) (-3.02912,24) (-5.20634,25) (-1.4691,31) (0.968913,33) (1.09045,34) (11.6907,36) (_,_) (_,_) (_,_) (_,_) (-3.62386,1) (1.61629,11) (2.1577,21) (-16.6905,23) (9.36834,35) (_,_) (_,_) (_,_) (-5.443,2) (2.45505,10) (3.13197,22) (-23.6742,24) (11.9171,36) (_,_) (_,_) (_,_) (-4.56318,3) (0.831436,11) (3.31424,22) (-23.2221,25) (18.7603,36) (_,_) (_,_) (_,_) (-4.68256,4) (5.02529,18) (-0.203718,20) (-50.9185,26) (24.7079,33) (_,_) (_,_) (_,_) (-11.1464,6) (6.39918,7) (4.87144,20) (-99.7271,27) (54.1924,28) (_,_) (_,_) (_,_) (7.54055,6) (-18.6063,7) (11.1389,17) (54.0454,27) (-153.36,28) (_,_) (_,_) (_,_) (-2.88331,9) (2.33971,12) (0.651257,14) (-32.0319,29) (11.9775,30) (_,_) (_,_) (_,_) (-1.68,9) (1.23247,10) (-1.74416,12) (2.34324,21) (12.0877,29) (-24.0286,30) (7.96779,35) (_,_) (2.60763,0) (-5.44518,13) (1.45589,21) (1.73958,22) (-27.2405,31) (5.89643,35) (6.16823,36) (_,_) (7.54365,5) (-0.102555,8) (-16.061,15) (8.57656,20) (-127.248,32) (_,_) (_,_) (_,_) (1.41877,4) (-6.8025,18) (1.19312,21) (1.69051,22) (25.1739,26) (-72.8625,33) (12.484,35) (13.1248,36) (-0.83268,17) (-4.98619,19) (1.30926,21) (1.81444,22) (-58.9832,34) (12.526,35) (13.1651,36) (_,_) (2.65158,1) (1.81655,12) (1.58544,13) (-0.507384,18) (-0.62104,19) (-4.9592,21) (9.2407,23) (8.10411,30) (5.86292,31) (12.5306,33) (12.5789,34) (-47.5225,35) (_,_) (_,_) (_,_) (_,_) (3.02912,2) (5.20634,3) (1.4691,13) (-0.968913,18) (-1.09045,19) (-7.79074,22) (11.9436,24) (18.3256,25) (6.23818,31) (13.1977,33) (13.2448,34) (-62.3356,36) (_,_) (_,_) (_,_) (_,_) 

Outer pointers:
0 4 12 20 28 36 40 48 56 60 68 76 84 92 100 108 116 120 128 136 144 152 168 184 192 200 208 216 224 232 240 248 256 264 272 280 296  $
Inner non zeros:
3 5 5 5 5 4 5 5 4 5 6 6 7 7 5 5 4 5 8 7 8 12 12 5 5 5 5 5 5 5 7 7 5 8 7 12 12  $

-16.6688 0 0 0 0 0 0 0 0 0 0 0 0 16.6688 0 0 0 0 0 0 0 0 0 0 0 0 0 0 0 0 0 2.60763 0 0 0 0 0 
0 -16.9905 0 0 0 0 0 0 0 0 0 7.74984 0 0 0 0 0 0 0 0 0 9.2407 0 -3.62386 0 0 0 0 0 0 0 0 0 0 0 2.65158 0 
0 0 -23.9542 0 0 0 0 0 0 0 12.0105 0 0 0 0 0 0 0 0 0 0 0 11.9436 0 -5.443 0 0 0 0 0 0 0 0 0 0 0 3.02912 
0 0 0 -23.782 0 0 0 0 0 0 0 5.45643 0 0 0 0 0 0 0 0 0 0 18.3256 0 0 -4.56318 0 0 0 0 0 0 0 0 0 0 5.20634 
0 0 0 0 -51.6985 0 0 0 0 0 0 0 0 0 0 0 0 0 25.1739 0 26.5246 0 0 0 0 0 -4.68256 0 0 0 0 0 0 1.41877 0 0 0 
0 0 0 0 0 -159.161 0 0 0 0 0 0 0 0 0 75.549 83.6121 0 0 0 0 0 0 0 0 0 0 0 0 0 0 0 7.54365 0 0 0 0 
0 0 0 0 0 0 -100.467 54.0454 0 0 0 0 0 0 0 0 0 0 0 0 46.4216 0 0 0 0 0 0 -11.1464 7.54055 0 0 0 0 0 0 0 0 
0 0 0 0 0 0 54.1924 -153.88 0 0 0 0 0 0 0 0 0 99.688 0 0 0 0 0 0 0 0 0 6.39918 -18.6063 0 0 0 0 0 0 0 0 
0 0 0 0 0 0 0 0 -26.5 0 0 0 0 0 0 10.3782 16.1218 0 0 0 0 0 0 0 0 0 0 0 0 0 0 0 -0.102555 0 0 0 0 
0 0 0 0 0 0 0 0 0 -32.0319 0 0 12.0877 0 19.9442 0 0 0 0 0 0 0 0 0 0 0 0 0 0 -2.88331 -1.68 0 0 0 0 0 0 
0 0 12.3663 0 0 0 0 0 0 0 -93.6968 76.6551 4.6754 0 0 0 0 0 0 0 0 0 0 0 2.45505 0 0 0 0 0 1.23247 0 0 0 0 0 0 
0 7.96626 0 5.77881 0 0 0 0 0 0 76.6152 -90.3603 0 0 0 0 0 0 0 0 0 0 0 1.61629 0 0.831436 0 0 0 0 0 0 0 0 0 0 0 
0 0 0 0 0 0 0 0 0 11.9775 4.68693 0 -24.7686 0 0 0 0 0 0 0 0 8.10411 0 0 0 0 0 0 0 2.33971 -1.74416 0 0 0 0 1.81655 0 
15.8394 0 0 0 0 0 0 0 0 0 0 0 0 -27.9405 0 0 0 0 0 0 0 5.86292 6.23818 0 0 0 0 0 0 0 0 -5.44518 0 0 0 1.58544 1.4691 
0 0 0 0 0 0 0 0 0 20.4492 0 0 0 0 -126.809 0 43.5019 0 0 0 62.8578 0 0 0 0 0 0 0 0 0.651257 0 0 0 0 0 0 0 
0 0 0 0 0 75.0813 0 0 10.0167 0 0 0 0 0 0 -127.248 0 0 0 0 42.1501 0 0 0 0 0 0 0 0 0 0 0 -16.061 0 0 0 0 
0 0 0 0 0 83.9206 0 0 15.7197 0 0 0 0 0 44.6123 0 -144.253 0 0 0 0 0 0 0 0 0 0 0 0 0 0 0 0 0 0 0 0 
0 0 0 0 0 0 0 100.158 0 0 0 0 0 0 0 0 0 -123.955 0 11.1826 0 0 0 0 0 0 0 0 11.1389 0 0 0 0 0 -0.83268 0 0 
0 0 0 0 24.7079 0 0 0 0 0 0 0 0 0 0 0 0 0 -72.8625 0 0 12.5306 13.1977 0 0 0 5.02529 0 0 0 0 0 0 -6.8025 0 -0.507384 -0.968913 
0 0 0 0 0 0 0 0 0 0 0 0 0 0 0 0 0 10.6097 0 -58.9832 0 12.5789 13.2448 0 0 0 0 0 0 0 0 0 0 0 -4.98619 -0.62104 -1.09045 
0 0 0 0 27.469 0 46.7274 0 0 0 0 0 0 0 62.5466 41.3196 0 0 0 0 -178.063 0 0 0 0 0 -0.203718 4.87144 0 0 0 0 8.57656 0 0 0 0 
0 9.36834 0 0 0 0 0 0 0 0 0 0 7.96779 5.89643 0 0 0 0 12.484 12.526 0 -48.2425 0 2.1577 0 0 0 0 0 0 2.34324 1.45589 0 1.19312 1.30926 -4.9592 0 
0 0 11.9171 18.7603 0 0 0 0 0 0 0 0 0 6.16823 0 0 0 0 13.1248 13.1651 0 0 -63.1356 0 3.13197 3.31424 0 0 0 0 0 1.73958 0 1.69051 1.81444 0 -7.79074 
0 5.10386 0 0 0 0 0 0 0 0 0 -2.45228 0 0 0 0 0 0 0 0 0 -2.65158 0 -16.6905 0 0 0 0 0 0 0 0 0 0 0 9.2407 0 
0 0 6.863 0 0 0 0 0 0 0 -3.83388 0 0 0 0 0 0 0 0 0 0 0 -3.02912 0 -23.6742 0 0 0 0 0 0 0 0 0 0 0 11.9436 
0 0 0 7.28319 0 0 0 0 0 0 0 -2.07685 0 0 0 0 0 0 0 0 0 0 -5.20634 0 0 -23.2221 0 0 0 0 0 0 0 0 0 0 18.3256 
0 0 0 0 8.56255 0 0 0 0 0 0 0 0 0 0 0 0 0 -1.41877 0 -7.14378 0 0 0 0 0 -50.9185 0 0 0 0 0 0 25.1739 0 0 0 
0 0 0 0 0 0 14.7664 -7.54055 0 0 0 0 0 0 0 0 0 0 0 0 -7.22584 0 0 0 0 0 0 -99.7271 54.0454 0 0 0 0 0 0 0 0 
0 0 0 0 0 0 -6.39918 21.1663 0 0 0 0 0 0 0 0 0 -14.7671 0 0 0 0 0 0 0 0 0 54.1924 -153.36 0 0 0 0 0 0 0 0 
0 0 0 0 0 0 0 0 0 2.88331 0 0 1.68 0 -4.5633 0 0 0 0 0 0 0 0 0 0 0 0 0 0 -32.0319 12.0877 0 0 0 0 0 0 
0 0 0 0 0 0 0 0 0 -2.33971 -1.18791 0 5.34416 0 0 0 0 0 0 0 0 -1.81655 0 0 0 0 0 0 0 11.9775 -24.0286 0 0 0 0 8.10411 0 
-5.81063 0 0 0 0 0 0 0 0 0 0 0 0 8.86518 0 0 0 0 0 0 0 -1.58544 -1.4691 0 0 0 0 0 0 0 0 -27.2405 0 0 0 5.86292 6.23818 
0 0 0 0 0 -11.2851 0 0 -2.71729 0 0 0 0 0 0 16.061 0 0 0 0 -2.05857 0 0 0 0 0 0 0 0 0 0 0 -127.248 0 0 0 0 
0 0 0 0 -5.02529 0 0 0 0 0 0 0 0 0 0 0 0 0 6.8025 0 0 0.507384 0.968913 0 0 0 24.7079 0 0 0 0 0 0 -72.8625 0 12.5306 13.1977 
0 0 0 0 0 0 0 0 0 0 0 0 0 0 0 0 0 -3.63004 0 4.98619 0 0.62104 1.09045 0 0 0 0 0 0 0 0 0 0 0 -58.9832 12.5789 13.2448 
0 -2.1577 0 0 0 0 0 0 0 0 0 0 -2.34324 -1.45589 0 0 0 0 -1.19312 -1.30926 0 8.45921 0 9.36834 0 0 0 0 0 0 7.96779 5.89643 0 12.484 12.526 -47.5225 0 
0 0 -3.13197 -3.31424 0 0 0 0 0 0 0 0 0 -1.73958 0 0 0 0 -1.69051 -1.81444 0 0 11.6907 0 11.9171 18.7603 0 0 0 0 0 6.16823 0 13.1248 13.1651 0 -62.3356 

Slack Node ======
Active Injection:-1.77389
Reactive Injection:0.794457
constraintY ==========
 1.75
-0.74
-0.71
-1.36
-1.94
 0.67
-1.81
-1.28
    3
    0
 0.84
 0.95
 -1.8
-1.71
-1.02
    0
    4
  6.6
    0
    0
 0.55
-1.75
-1.95
-0.15
-0.14
-0.28
-0.39
-0.37
-0.26
    0
-0.37
-0.35
    0
    0
    0
-0.36
 -0.4
deltaY ==========
-1.94955e-013
-4.82059e-013
-2.09788e-012
 4.61609e-012
-1.33449e-012
 1.77636e-015
-1.90958e-014
 1.11022e-015
 4.44089e-016
-3.89466e-013
-4.97158e-013
-2.20535e-012
-7.66054e-014
 -1.8634e-012
 1.77192e-013
            0
 7.10543e-015
-4.26326e-014
 1.20792e-012
 1.48326e-013
 9.99201e-015
 1.90958e-013
-2.11275e-012
-7.95752e-014
-1.91291e-013
-7.50933e-012
-6.10512e-013
-1.09135e-013
-3.75255e-014
-5.25802e-013
-8.48099e-013
-3.71592e-013
 2.84217e-014
 -1.3074e-012
-9.52127e-013
-8.95839e-013
-3.46889e-012
